GG-RR

initial: 15	segment_size: 40

FORECAST 	160	140	134	178	150	150	132	120	130	146
CUST.ORD 	30	30	40	40	35	25	30	30	25	25
MPS      	160	160	120	160	160	160	120	120	120	160
PROJ.AVL 	15	35	21	3	13	23	11	11	1	15
ATP      	145	130	80	120	125	135	90	90	95	135



GG-NN

initial: 12	segment_size: 40

FORECAST 	160	140	134	178	150	150	132	120	130	146
CUST.ORD 	35	30	25	35	35	35	30	30	20	25
MPS      	160	160	120	160	160	160	120	120	160	120
PROJ.AVL 	12	32	18	0	10	20	8	8	38	12
ATP      	137	130	95	125	125	125	90	90	140	95



MM-RR

initial: 22	segment_size: 55

FORECAST 	160	140	134	178	150	150	132	120	130	146
CUST.ORD 	40	40	50	50	50	40	35	35	25	20
MPS      	165	165	110	165	165	165	110	110	165	110
PROJ.AVL 	27	52	28	15	30	45	23	13	48	12
ATP      	147	125	60	115	115	125	75	75	140	90



MM-NN

initial: 25	segment_size: 55

FORECAST 	160	140	134	178	150	150	132	120	130	146
CUST.ORD 	45	50	50	30	30	45	25	55	40	40
MPS      	165	110	165	165	165	165	110	110	165	110
PROJ.AVL 	30	0	31	18	33	48	26	16	51	15
ATP      	145	60	115	135	135	120	85	55	125	70



